finger left - 
0.00552863,   -0.424306,    0.805294
0.00547642,   -0.425027,    0.842964

finger mid - 
-0.0136029,    -0.39091,    0.802955


fingertip right - 
-0.0430069,   -0.616502,    0.836902
-0.0429478,    -0.61579,    0.799301

fingertip left - 
0.0296272,   -0.614361,    0.800373
0.0242102,   -0.614516,    0.800349

Camera Ahead:

infra1 optical -
[[   0.0314124,  -0.0753621,    0.996661;
    0.0210528,    0.996982,   0.0747228;
    -0.999285,   0.0186353,   0.0329042]
[   0.0342011,  -0.0271582,     1.29968]]


infra2 optical -
frame1
[[   0.0314124,  -0.0753621,    0.996661;
    0.0210528,    0.996982,   0.0747228;
    -0.999285,   0.0186353,   0.0329042]
[   0.0357658,  -0.0261056,     1.24972]]


color optical -
[[   0.0314124,  -0.0753621,    0.996661;
    0.0210528,    0.996982,   0.0747228;
    -0.999285,   0.0186353,   0.0329042]
[   0.0337272,   -0.027474,     1.31467]]


depth optical - 
[[   0.0314124,  -0.0753621,    0.996661;
    0.0210528,    0.996982,   0.0747228;
    -0.999285,   0.0186353,   0.0329042]
[   0.0341979,  -0.0271582,     1.29968]]
